# Created by Octave 3.6.2, Sun Nov 24 20:30:43 2013 GMT <chromy@Eschatologist>
# name: confuse
# type: matrix
# rows: 6
# columns: 6
 102 10 6 4 7 2
 16 159 4 8 7 4
 1 4 103 1 0 9
 1 3 1 208 0 2
 8 16 6 6 89 7
 1 0 11 3 0 191


# name: p
# type: matrix
# rows: 1
# columns: 6
 77.86259541984732 80.3030303030303 87.28813559322035 96.74418604651163 67.42424242424242 92.71844660194175


# name: r
# type: matrix
# rows: 1
# columns: 6
 79.06976744186046 82.8125 78.62595419847328 90.43478260869566 86.40776699029125 88.83720930232558


# name: f
# type: matrix
# rows: 1
# columns: 6
 78.46153846153847 81.53846153846152 82.73092369477911 93.48314606741573 75.74468085106382 90.73634204275535


# name: e
# type: scalar
0.148


