# Created by Octave 3.6.2, Sun Nov 24 20:32:45 2013 GMT <chromy@Eschatologist>
# name: confuse
# type: matrix
# rows: 6
# columns: 6
 94 19 4 4 9 1
 7 174 5 7 5 0
 1 7 86 2 6 16
 0 7 0 207 0 1
 8 25 2 4 91 2
 1 2 7 6 0 190


# name: p
# type: matrix
# rows: 1
# columns: 6
 71.7557251908397 87.87878787878788 72.88135593220339 96.27906976744185 68.93939393939394 92.23300970873787


# name: r
# type: matrix
# rows: 1
# columns: 6
 84.68468468468468 74.35897435897436 82.69230769230769 90 81.98198198198197 90.47619047619048


# name: f
# type: matrix
# rows: 1
# columns: 6
 77.68595041322314 80.55555555555556 77.47747747747748 93.03370786516854 74.89711934156379 91.34615384615384


# name: e
# type: scalar
0.158


