# Created by Octave 3.6.2, Sun Nov 24 20:21:07 2013 GMT <chromy@Eschatologist>
# name: confuse
# type: matrix
# rows: 6
# columns: 6
 23 37 5 33 5 28
 30 50 1 67 11 39
 19 33 4 29 1 32
 25 49 0 70 11 60
 17 39 0 42 5 29
 39 61 7 46 2 51


# name: p
# type: matrix
# rows: 1
# columns: 6
 17.55725190839695 25.25252525252525 3.389830508474576 32.55813953488372 3.787878787878788 24.75728155339806


# name: r
# type: matrix
# rows: 1
# columns: 6
 15.03267973856209 18.58736059479554 23.52941176470588 24.39024390243902 14.28571428571428 21.33891213389121


# name: f
# type: matrix
# rows: 1
# columns: 6
 16.19718309859155 21.41327623126339 5.925925925925926 27.88844621513945 5.988023952095809 22.92134831460674


# name: e
# type: scalar
0.797


