# Created by Octave 3.6.2, Sun Nov 24 20:28:08 2013 GMT <chromy@Eschatologist>
# name: confuse
# type: matrix
# rows: 6
# columns: 6
 101 17 4 3 5 1
 7 181 2 5 2 1
 4 3 87 2 0 22
 0 6 0 209 0 0
 5 23 1 5 95 3
 0 1 5 3 0 197


# name: p
# type: matrix
# rows: 1
# columns: 6
 77.09923664122137 91.41414141414141 73.72881355932203 97.20930232558139 71.96969696969697 95.63106796116504


# name: r
# type: matrix
# rows: 1
# columns: 6
 86.32478632478633 78.35497835497836 87.87878787878788 92.07048458149781 93.13725490196079 87.94642857142857


# name: f
# type: matrix
# rows: 1
# columns: 6
 81.45161290322581 84.3822843822844 80.18433179723503 94.57013574660634 81.19658119658119 91.62790697674419


# name: e
# type: scalar
0.13


