# Created by Octave 3.6.2, Sun Nov 24 20:23:14 2013 GMT <chromy@Eschatologist>
# name: confuse
# type: matrix
# rows: 6
# columns: 6
 102 16 4 2 6 1
 11 176 0 4 6 1
 3 2 98 4 3 8
 0 3 1 209 0 2
 7 23 2 5 93 2
 0 1 7 5 0 193


# name: p
# type: matrix
# rows: 1
# columns: 6
 77.86259541984732 88.88888888888889 83.05084745762711 97.20930232558139 70.45454545454545 93.68932038834951


# name: r
# type: matrix
# rows: 1
# columns: 6
 82.92682926829268 79.63800904977376 87.5 91.26637554585153 86.11111111111111 93.23671497584542


# name: f
# type: matrix
# rows: 1
# columns: 6
 80.31496062992126 84.00954653937949 85.21739130434781 94.14414414414415 77.49999999999999 93.46246973365618


# name: e
# type: scalar
0.129


