# Created by Octave 3.6.2, Sun Nov 24 20:29:21 2013 GMT <chromy@Eschatologist>
# name: confuse
# type: matrix
# rows: 6
# columns: 6
 107 5 7 3 6 3
 32 129 11 12 7 7
 4 1 98 2 1 12
 3 2 2 203 0 5
 17 12 16 6 71 10
 0 1 14 1 0 190


# name: p
# type: matrix
# rows: 1
# columns: 6
 81.67938931297711 65.15151515151516 83.05084745762711 94.41860465116278 53.78787878787878 92.23300970873787


# name: r
# type: matrix
# rows: 1
# columns: 6
 65.6441717791411 86 66.21621621621621 89.42731277533039 83.52941176470588 83.70044052863436


# name: f
# type: matrix
# rows: 1
# columns: 6
 72.78911564625851 74.13793103448276 73.68421052631578 91.8552036199095 65.43778801843317 87.75981524249423


# name: e
# type: scalar
0.202


